254 256
52 115
215 218
72 92
146 213
78 86
174 176
202 204
221 235
225 232
136 157
13 20
162 164
258 262
116 118
85 87
70 94
57 59
21 37
95 98
44 138
33 34
217 240
78 89
61 63
41 158
49 51
158 160
217 239
140 144
71 93
57 60
100 102
217 249
73 92
219 237
129 133
131 169
79 82
103 104
160 162
179 181
76 78
226 232
45 47
49 52
85 89
51 169
70 72
166 170
218 240
57 182
131 174
226 227
91 93
115 141
53 186
54 56
246 249
175 183
169 183
120 141
85 107
43 148
71 72
250 253
4 7
58 62
37 42
222 238
10 12
48 145
50 54
166 223
27 167
193 211
194 195
124 128
186 187
128 136
19 20
93 101
131 133
22 35
8 259
154 155
197 199
185 186
227 230
247 251
251 252
205 264
189 190
209 221
46 210
110 111
99 103
177 178
112 141
248 249
59 61
41 153
223 234
23 25
252 253
184 186
169 170
22 260
188 207
210 220
122 138
235 236
240 241
148 218
188 190
173 174
50 187
25 32
167 170
263 264
176 178
197 201
198 201
54 183
81 107
232 233
162 236
21 236
25 233
65 66
236 237
165 167
168 170
219 220
172 174
103 187
125 138
43 155
81 108
47 211
182 185
38 39
22 237
216 217
115 119
191 193
69 95
126 128
220 221
143 145
122 126
208 209
6 36
82 109
101 106
102 104
74 76
165 169
11 14
114 118
149 154
54 57
56 67
2 3
119 120
123 125
52 55
35 38
259 260
42 156
12 16
257 258
56 57
21 159
32 34
107 109
60 61
8 11
235 260
79 112
48 49
12 15
100 186
6 9
82 86
138 145
49 103
159 238
40 41
23 160
202 261
44 45
61 176
92 93
201 203
27 28
205 207
71 113
5 259
15 16
56 95
150 151
133 165
221 253
254 257
202 205
66 67
67 94
13 19
162 165
3 5
116 119
84 88
85 86
140 154
57 58
21 36
99 102
218 239
129 131
260 264
61 62
61 175
49 50
158 161
108 142
55 124
120 121
140 145
71 92
57 67
80 108
100 103
124 125
129 132
131 168
160 163
179 180
112 113
45 46
34 36
85 88
48 124
104 105
220 237
196 211
197 235
108 109
37 39
91 92
183 185
229 230
216 240
115 140
48 115
30 167
73 77
219 250
88 89
127 169
164 165
80 81
46 48
47 162
124 138
142 146
9 36
197 221
61 179
136 161
10 13
250 252
253 257
99 100
131 132
242 244
30 32
196 200
197 198
38 160
247 250
251 255
25 30
40 158
46 211
234 236
53 99
173 180
25 33
167 172
245 247
248 250
23 24
135 137
227 264
252 254
180 184
184 187
187 198
210 221
256 258
252 256
19 37
98 99
176 179
12 252
197 200
77 109
81 106
101 103
118 120
22 235
25 232
210 212
11 13
49 210
236 238
165 166
168 171
149 151
8 255
121 141
19 42
245 249
172 175
137 155
103 186
125 137
6 34
24 264
23 159
47 222
216 218
115 118
73 78
191 192
104 186
69 94
126 129
137 156
157 158
101 105
102 105
74 77
186 188
26 232
190 209
50 210
145 155
54 127
165 168
79 109
26 27
69 71
71 98
119 123
139 153
123 124
178 180
17 242
141 145
18 19
75 78
259 263
42 157
212 218
166 234
170 172
56 58
46 142
107 108
60 62
8 12
129 134
51 53
48 50
18 242
49 102
163 234
40 42
23 163
99 114
53 55
44 46
9 20
201 202
134 135
139 140
201 225
205 206
143 144
50 103
63 65
214 215
36 37
174 175
49 53
42 238
239 253
13 18
3 4
258 260
138 139
140 155
70 92
73 89
129 130
225 231
55 127
117 119
120 122
51 162
71 95
7 9
192 193
124 126
219 239
57 179
240 242
103 106
160 164
52 114
56 117
112 114
184 226
39 158
204 228
166 168
26 32
104 106
195 254
128 165
220 238
224 233
108 110
37 38
77 79
183 184
59 118
187 189
12 256
216 241
171 180
27 171
255 257
22 23
150 216
88 90
109 113
54 169
135 157
175 177
164 166
22 159
205 228
143 146
147 215
44 136
80 82
171 173
46 49
194 198
58 60
200 261
37 40
58 175
222 236
136 162
233 264
253 256
19 239
73 85
50 52
159 161
4 8
23 235
193 209
217 219
98 110
221 223
42 44
227 232
157 162
251 254
20 238
24 233
97 98
209 211
48 138
51 52
128 129
244 248
245 246
248 251
135 136
252 255
184 188
207 223
256 259
121 139
176 180
16 248
198 207
55 57
13 15
81 105
101 102
11 12
168 172
149 150
121 140
24 32
245 248
137 154
249 253
49 107
86 87
125 136
41 137
6 35
262 263
212 213
115 121
170 187
69 93
2 6
98 114
122 124
106 210
125 129
23 38
82 107
101 104
102 110
186 189
26 233
212 220
146 147
114 116
149 152
79 108
83 105
69 70
153 155
157 238
123 127
178 181
59 65
157 159
106 108
141 144
259 262
212 219
145 147
129 135
153 156
52 56
56 59
49 108
107 111
60 63
190 192
214 218
90 92
44 48
48 51
206 226
82 84
44 47
38 158
27 30
127 129
63 64
36 38
148 149
78 82
42 239
129 136
78 85
202 203
13 17
162 163
3 7
258 261
70 93
205 261
25 167
45 220
73 88
131 165
256 257
116 120
117 118
120 123
85 93
140 147
51 165
170 224
7 8
45 213
124 127
219 238
179 182
108 112
56 118
112 115
43 218
166 169
100 104
73 74
224 234
196 221
108 111
77 78
133 135
27 234
183 187
187 188
121 125
216 242
46 47
255 256
224 225
88 91
109 112
113 117
135 156
175 176
164 167
169 180
205 227
254 255
171 172
194 199
142 144
220 253
58 61
130 132
223 225
246 247
162 222
19 238
97 99
50 53
159 160
163 165
148 215
23 234
188 198
217 218
93 98
22 38
221 222
157 161
20 239
24 234
207 209
209 210
230 231
110 114
152 153
51 55
128 130
98 102
62 64
248 252
156 157
222 223
144 145
38 40
169 175
237 253
256 260
83 85
121 138
219 249
94 98
249 251
16 249
55 56
41 135
10 36
253 255
74 89
187 209
11 15
50 222
241 243
168 173
24 33
137 153
249 252
47 49
198 199
20 21
43 156
101 110
233 235
201 261
43 45
237 239
115 120
170 184
26 30
190 191
122 125
125 128
102 111
74 75
89 91
114 117
12 20
93 95
153 154
137 139
139 155
123 126
59 64
81 83
49 106
141 143
42 155
47 238
145 146
96 186
56 60
107 110
116 141
44 162
190 193
213 219
20 256
48 52
150 152
18 240
40 157
60 64
82 85
211 212
71 117
163 236
21 22
5 263
38 159
105 191
127 128
111 113
96 97
6 7
211 221
84 85
5 34
215 217
146 214
148 150
260 261
196 250
48 142
225 235
207 225
181 182
70 91
95 97
197 253
13 16
3 6
9 256
79 81
9 13
102 210
24 25
44 238
120 124
28 29
21 42
7 11
45 212
16 17
52 124
112 116
226 228
55 118
121 123
84 105
100 105
125 127
57 186
113 115
133 134
246 250
183 186
115 124
44 220
121 124
85 110
70 71
193 197
105 107
69 117
255 259
239 240
224 226
149 216
243 245
88 92
196 197
109 111
54 175
113 116
222 235
62 63
175 179
205 226
206 208
23 236
194 196
142 145
54 55
239 249
154 156
34 35
223 224
133 136
227 229
250 251
188 226
180 181
25 26
51 128
159 163
53 103
163 164
146 148
29 30
93 97
242 243
17 18
181 185
223 233
161 165
24 235
207 208
64 66
97 101
234 235
152 154
51 54
128 131
167 169
172 180
77 113
208 224
144 146
169 174
170 183
99 186
83 84
50 183
218 219
5 7
249 250
118 123
103 190
112 142
59 60
102 114
253 254
182 186
24 260
187 208
210 211
47 210
53 114
241 242
168 174
261 262
24 34
118 124
47 48
103 183
87 89
20 22
132 133
208 222
233 234
126 127
43 44
14 16
237 238
78 109
104 189
50 169
2 4
5 9
118 119
34 260
35 37
39 160
188 208
89 90
83 107
93 94
137 138
139 154
178 179
16 239
20 36
81 82
102 103
141 142
170 171
200 201
94 95
204 205
42 240
6 10
190 198
213 218
214 216
166 224
67 96
18 241
20 42
206 224
95 114
201 207
127 131
111 112
96 98
43 240
181 183
211 220
84 86
254 258
63 66
215 216
146 215
260 262
192 194
200 254
56 99
221 237
133 161
66 68
162 166
207 224
84 93
95 96
99 101
151 152
9 11
52 111
203 205
225 227
66 95
158 162
258 259
43 238
49 142
53 57
45 218
29 32
57 175
79 80
9 12
51 124
52 118
24 26
136 137
190 211
28 30
140 141
7 10
195 250
16 18
22 24
199 254
67 69
121 122
193 195
261 263
125 126
54 58
113 114
135 161
187 190
85 109
4 5
193 196
105 106
142 143
73 113
255 258
243 244
262 264
88 93
196 198
109 110
135 158
10 14
205 225
147 216
58 59
244 245
261 264
227 228
247 249
161 163
180 182
164 168
19 240
209 223
50 51
159 162
163 167
22 36
198 208
181 184
185 189
42 43
228 229
13 37
161 164
210 222
231 233
51 136
110 112
148 216
147 148
177 181
128 132
167 168
98 100
86 88
41 156
197 257
144 147
162 238
21 238
134 136
47 212
170 180
83 87
28 231
195 196
68 94
19 41
94 96
5 6
55 58
59 63
45 145
47 221
115 117
68 69
126 130
47 51
87 88
16 242
199 201
132 134
208 223
102 106
74 78
190 210
14 17
26 28
104 190
50 166
5 8
122 123
65 69
52 53
23 35
35 36
18 20
147 149
114 115
132 168
20 37
193 198
59 66
79 143
106 107
8 9
27 231
39 41
12 13
200 202
257 261
204 206
46 146
159 236
44 156
214 217
90 91
46 108
40 159
60 66
206 225
82 83
44 155
167 234
196 253
45 214
127 130
111 115
96 99
84 87
53 54
72 91
260 263
221 236
225 233
136 156
66 69
37 159
116 117
138 140
140 152
166 187
95 99
25 163
44 137
33 35
217 241
9 10
179 183
203 204
225 226
27 233
171 232
13 14
84 101
53 56
57 61
25 164
100 101
72 73
73 93
238 239
103 105
160 161
51 127
56 114
41 157
76 77
136 138
45 48
67 95
111 142
237 256
57 183
197 237
80 143
67 68
59 117
84 107
115 138
193 194
98 113
246 248
175 180
206 207
71 73
166 167
4 6
192 211
124 136
196 199
197 223
200 258
250 254
158 159
10 11
230 232
166 222
48 111
19 21
22 34
244 246
185 187
130 131
247 248
251 253
161 162
180 183
189 191
209 222
25 27
163 166
75 77
177 179
97 100
198 209
185 188
223 235
228 230
13 36
12 255
184 185
169 171
188 206
46 212
231 232
235 237
110 113
152 156
188 189
173 175
177 180
128 133
55 59
167 171
98 101
176 177
86 89
198 200
75 89
21 237
25 234
65 67
168 169
83 86
195 199
19 40
94 97
172 173
104 192
16 252
59 62
81 109
155 156
182 184
22 236
187 210
47 220
14 15
115 116
68 70
47 50
45 146
199 200
101 107
102 107
186 190
27 232
26 29
104 191
105 192
178 182
52 54
23 34
75 76
259 261
42 159
213 214
58 127
219 253
257 259
182 183
200 257
79 142
49 111
32 33
8 10
22 256
39 40
151 153
64 65
46 106
12 14
201 205
257 260
106 192
6 8
44 157
9 22
27 29
18 239
60 67
138 155
5 260
78 79
196 254
15 17
41 42
103 210
111 114
96 100
